NaN 0.0654 NaN 0.0659 NaN 0.0667 0.0858 0.0659 Infinity Infinity NaN Infinity 0.0680 
0.2522 0.2824 0.2660 0.2844 0.2636 0.2850 0.2881 0.2844 0.3407 0.3192 0.2597 0.3225 0.2857 
NaN 0.0654 NaN 0.0659 NaN 0.0667 0.0858 0.0659 Infinity Infinity NaN Infinity 0.0680 
0.2522 0.2824 0.2660 0.2844 0.2636 0.2850 0.2881 0.2844 0.3407 0.3192 0.2597 0.3225 0.2857 
0.2522 0.2824 0.2660 0.2844 0.2636 0.2850 0.2881 0.2844 0.3407 0.3192 0.2597 0.3225 0.2857 
0.2522 0.2824 0.2660 0.2844 0.2636 0.2850 0.2881 0.2844 0.3407 0.3192 0.2597 0.3225 0.2857 
NaN 0.0000 NaN 0.0000 NaN 0.0000 0.0000 0.0000 0.0000 0.0000 NaN 0.0000 0.0000 
0.2522 0.2824 0.2660 0.2844 0.2636 0.2850 0.2881 0.2844 0.3407 0.3192 0.2597 0.3225 0.2857 
NaN 0.0654 NaN 0.0659 NaN 0.0667 0.0858 0.0659 Infinity Infinity NaN Infinity 0.0680 
NaN 0.0654 NaN 0.0659 NaN 0.0667 0.0858 0.0659 Infinity Infinity NaN Infinity 0.0680 
0.2522 0.2824 0.2660 0.2844 0.2636 0.2850 0.2881 0.2844 0.3407 0.3192 0.2597 0.3225 0.2857 
NaN 0.0654 NaN 0.0659 NaN 0.0667 0.0858 0.0659 Infinity Infinity NaN Infinity 0.0680 
0.2522 0.2824 0.2660 0.2844 0.2636 0.2850 0.2881 0.2844 0.3407 0.3192 0.2597 0.3225 0.2857 
NaN 0.0654 NaN 0.0659 NaN 0.0667 0.0858 0.0659 Infinity Infinity NaN Infinity 0.0680 
